[location_1]
lng = 113.398469
lat = 23.038849